6440
-1519
8498
1458
3475
8682
5173
8601
-619
2769
-1843
7097
-2220
-1871
3838
-1083
6316
4868
-1133
8415
-469
6079
8783
3097
8777
7089
-2205
4792
-1707
9048
4420
3071
6489
8818
156
7675
7732
2030
-1654
-1329
3228
-931
5176
1047
9296
-913
5173
-424
9080
8170
3284
7656
6413
1025
2795
3718
4613
7596
5780
-1813
-299
-204
6515
8957
2032
-745
-707
3568
9341
-1581
592
-1781
3880
1698
-1153
5137
7382
998
7876
-1198
8851
-161
3436
1581
4680
3802
2123
1733
7617
142
4730
7795
2239
4546
1807
1658
3912
6659
6301
7354
